           0   330.96779641296320     
           1   330.65932923170305     
           2   330.35019511076410     
           3   330.04038950973620     
           4   329.72990783883222     
           5   329.41874545814920     
           6   329.10689767691349     
           7   328.79435975271412     
           8   328.48112689071911     
           9   328.16719424287788     
          10   327.85255690710784     
          11   327.53720992646493     
          12   327.22114828829842     
          13   326.90436692338852     
          14   326.58686070506729     
          15   326.26862444832210     
          16   325.94965290888098     
          17   325.62994078228024     
          18   325.30948270291304     
          19   324.98827324305830     
          20   324.66630691189101     
          21   324.34357815447134     
          22   324.02008135071389     
          23   323.69581081433535     
          24   323.37076079178041     
          25   323.04492546112607     
          26   322.71829893096265     
          27   322.39087523925099     
          28   322.06264835215711     
          29   321.73361216286048     
          30   321.40376049033887     
          31   321.07308707812615     
          32   320.74158559304362     
          33   320.40924962390528     
          34   320.07607268019353     
          35   319.74204819070729     
          36   319.40716950218103     
          37   319.07142987787233     
          38   318.73482249611936     
          39   318.39734044886683     
          40   318.05897674015841     
          41   317.71972428459566     
          42   317.37957590576394     
          43   317.03852433462060     
          44   316.69656220784873     
          45   316.35368206617306     
          46   316.00987635263607     
          47   315.66513741083742     
          48   315.31945748312990     
          49   314.97282870877552     
          50   314.62524312205812     
          51   314.27669265035189     
          52   313.92716911214438     
          53   313.57666421501347     
          54   313.22516955355553     
          55   312.87267660726479     
          56   312.51917673836181     
          57   312.16466118956907     
          58   311.80912108183406     
          59   311.45254741199534     
          60   311.09493105039240     
          61   310.73626273841728     
          62   310.37653308600449     
          63   310.01573256905920     
          64   309.65385152682131     
          65   309.29088015916312     
          66   308.92680852381898     
          67   308.56162653354426     
          68   308.19532395320226     
          69   307.82789039677613     
          70   307.45931532430393     
          71   307.08958803873378     
          72   306.71869768269744     
          73   306.34663323519919     
          74   305.97338350821730     
          75   305.59893714321498     
          76   305.22328260755955     
          77   304.84640819084353     
          78   304.46830200110878     
          79   304.08895196096631     
          80   303.70834580361156     
          81   303.32647106872912     
          82   302.94331509828561     
          83   302.55886503220478     
          84   302.17310780392216     
          85   301.78603013581511     
          86   301.39761853450295     
          87   301.00785928601408     
          88   300.61673845081481     
          89   300.22424185869443     
          90   299.83035510350288     
          91   299.43506353773466     
          92   299.03835226695423     
          93   298.64020614405655     
          94   298.24060976335750     
          95   297.83954745450751     
          96   297.43700327622236     
          97   297.03296100982436     
          98   296.62740415258634     
          99   296.22031591087205     
         100   295.81167919306461     
         101   295.40147660227564     
         102   294.98969042882612     
         103   294.57630264249053     
         104   294.16129488449587     
         105   293.74464845926462     
         106   293.32634432589305     
         107   292.90636308935387     
         108   292.48468499141234     
         109   292.06128990124455     
         110   291.63615730574622     
         111   291.20926629951913     
         112   290.78059557452184     
         113   290.35012340937232     
         114   289.91782765828640     
         115   289.48368573963836     
         116   289.04767462412707     
         117   288.60977082253100     
         118   288.16995037303576     
         119   287.72818882811470     
         120   287.28446124094370     
         121   286.83874215133045     
         122   286.39100557113647     
         123   285.94122496916913     
         124   285.48937325552248     
         125   285.03542276533813     
         126   284.57934524196486     
         127   284.12111181948524     
         128   283.66069300458372     
         129   283.19805865772395     
         130   282.73317797360323     
         131   282.26601946085162     
         132   281.79655092093793     
         133   281.32473942624677     
         134   280.85055129728551     
         135   280.37395207897924     
         136   279.89490651600983     
         137   279.41337852715071     
         138   278.92933117854903     
         139   278.44272665590069     
         140   277.95352623546347     
         141   277.46169025384853     
         142   276.96717807652669     
         143   276.46994806498458     
         144   275.96995754245665     
         145   275.46716275816152     
         146   274.96151884995930     
         147   274.45297980534673     
         148   273.94149842069879     
         149   273.42702625866087     
         150   272.90951360358883     
         151   272.38890941492599     
         152   271.86516127840355     
         153   271.33821535493615     
         154   270.80801632708261     
         155   270.27450734292773     
         156   269.73762995723462     
         157   269.19732406970377     
         158   268.65352786016592     
         159   268.10617772052171     
         160   267.55520818322765     
         161   267.00055184611517     
         162   266.44213929331136     
         163   265.87989901201433     
         164   265.31375730485644     
         165   264.74363819757031     
         166   264.16946334164737     
         167   263.59115191165711     
         168   263.00862049686845     
         169   262.42178298678510     
         170   261.83055045017596     
         171   261.23483100714816     
         172   260.63452969377136     
         173   260.02954831872142     
         174   259.41978531136755     
         175   258.80513556067461     
         176   258.18549024424146     
         177   257.56073664673244     
         178   256.93075796689544     
         179   256.29543311228622     
         180   255.65463648073606     
         181   255.00823772751357     
         182   254.35610151702949     
         183   253.69808725782414     
         184   253.03404881945517     
         185   252.36383422976698     
         186   251.68728535087001     
         187   251.00423753199090     
         188   250.31451923716284     
         189   249.61795164551350     
         190   248.91434822167037     
         191   248.20351425353505     
         192   247.48524635437570     
         193   246.75933192584770     
         194   246.02554857816733     
         195   245.28366350322801     
         196   244.53343279595421     
         197   243.77460071862711     
         198   243.00689890227346     
         199   242.23004547848075     
         200   241.44374413416205     
         201   240.64768308083302     
         202   239.84153392885992     
         203   239.02495045586051     
         204   238.19756725696521     
         205   237.35899826293715     
         206   236.50883511015871     
         207   235.64664534417290     
         208   234.77197043575180     
         209   233.88432358527686     
         210   232.98318728745855     
         211   232.06801062398392     
         212   231.13820624641181     
         213   230.19314700535691     
         214   229.23216217449956     
         215   228.25453320894047     
         216   227.25948896653983     
         217   226.24620030769685     
         218   225.21377397296220     
         219   224.16124561821130     
         220   223.08757186289807     
         221   221.99162117693336     
         222   220.87216339439425     
         223   219.72785759546048     
         224   218.55723803888364     
         225   217.35869775216824     
         226   216.13046929038410     
         227   214.87060205017656     
         228   213.57693536347830     
         229   212.24706638222636     
         230   210.87831148205353     
         231   209.46765953227253     
         232   208.01171486202918     
         233   206.50662704007141     
         234   204.94800359102402     
         235   203.33080036146077     
         236   201.64918221783407     
         237   199.89634377737633     
         238   198.06427540907197     
         239   196.14345290479727     
         240   194.12241848211565     
         241   191.98720342711175     
         242   189.72051372208472     
         243   187.30054983106527     
         244   184.69924107423083     
         245   181.87950235303620     
         246   178.79077183584752     
         247   175.36132782685922     
         248   171.48406574196383     
         249   166.98751603208214     
         250   161.56830790267816     
         251   154.59813726364962     
         252   144.32881458895338     
         253   117.38498180733265     
         254  -10000000000.000000     
         255  -10000000000.000000     
         256  -10000000000.000000     
